 Number of surface minima:     4
   #       a.u.         eV      kcal/mol           X/Y/Z coordinate(Angstrom)
     1  0.06271036    1.706436   39.351376      -4.835632  -1.143328  -1.456211
     2  0.06397094    1.740738   40.142402      -4.850166   1.102402   1.146257
     3 -0.10153075   -2.762792  -63.711564       3.116386  -0.903481   2.262390
*    4 -0.10685762   -2.907744  -67.054227       4.710147  -1.168069   0.451357

 Number of surface maxima:     6
   #       a.u.         eV      kcal/mol           X/Y/Z coordinate(Angstrom)
     1  0.06472380    1.761224   40.614831      -4.160706  -1.631254  -2.104227
     2  0.06681507    1.818131   41.927125      -4.094404   1.687964   1.876463
     3  0.08303669    2.259543   52.106352      -3.889966  -1.492809   1.137138
*    4  0.08456633    2.301167   53.066219      -3.571317   1.498191  -1.260304
     5  0.06097011    1.659081   38.259352      -2.070013   2.026757   2.642836
     6 -0.06334453   -1.723692  -39.749328       2.403546  -2.200931   0.485889