0.05 0.0
0.15000000000000002 0.0
0.25 0.0
0.35000000000000003 0.0
0.45 0.0
0.55 0.0
0.65 0.0
0.75 0.0
0.8500000000000001 0.0
0.9500000000000001 0.0
1.05 0.0
1.1500000000000001 0.0
1.25 0.0
1.35 0.0
1.4500000000000002 0.0
1.55 0.0
1.6500000000000001 0.0
1.75 0.0
1.85 0.0
1.9500000000000002 0.0
2.0500000000000003 0.0
2.15 0.0
2.25 0.0
2.35 0.006894442213614524
2.45 0.5667383709452303
2.5500000000000003 3.4891814161270625
2.6500000000000004 5.020198594481449
2.75 3.298749704321964
2.85 1.6811987279980805
2.95 1.19175168942382
3.0500000000000003 1.2579477034202518
3.1500000000000004 1.5615286829908859
3.25 1.8253977113366602
3.35 1.9765369418662746
3.45 1.9985906422566695
3.5500000000000003 1.9038916063902123
3.6500000000000004 1.7587609555914043
3.75 1.5822585628549313
3.85 1.4271368525841308
3.95 1.3061098781721376
4.05 1.237489740968975
4.15 1.2241552339359185
4.25 1.2333368399507272
4.3500000000000005 1.2909139140395012
4.45 1.405875042930597
4.55 1.7357393873900426
4.65 2.2652403168038444
4.75 2.5542972409093196
4.8500000000000005 2.3165370569225083
4.95 1.8962202562326989
5.050000000000001 1.6120949062761865
5.15 1.4999388523331005
5.25 1.4572119304943094
5.3500000000000005 1.45220421833672
5.45 1.4480792080735367
5.550000000000001 1.4455218230951392
5.65 1.4501741064042204
5.75 1.4458515139706898
5.8500000000000005 1.446614952445429
5.95 1.4465242411914263
6.050000000000001 1.4430645307193883
6.15 1.4480166238681451
6.25 1.4495305184057354
6.3500000000000005 1.4505998459334482
6.45 1.4616773639997125
6.550000000000001 1.4755996499137392
6.65 1.4917990765534703
6.75 1.5051206484587252
6.8500000000000005 1.501711824794982
6.95 1.4675302499578866
7.050000000000001 1.419737264535998
7.15 1.3784943858212257
7.25 1.3559982558549415
7.3500000000000005 1.3388936665586515
7.45 1.3340185809665197
7.550000000000001 1.3242204372362278
7.65 1.3202865223848408
7.75 1.3190800473161084
7.8500000000000005 1.3181551987577675
7.95 1.3150781932085873
8.05 1.302166856094926
8.15 1.2958785375074835
8.25 1.2888315003870146
8.35 1.280109811332936
8.450000000000001 1.2696732429351922
8.55 1.2597256809964281
8.65 1.24909586475316
8.75 1.235517045233519
8.85 1.2305682036683137
8.950000000000001 1.218549468243867
9.05 1.202691002788035
9.15 1.1945483272042747
9.25 1.183720441231376
9.35 1.1734854700268236
9.450000000000001 1.162214855950407
9.55 1.1564636192394626
9.65 1.1479377694984587
9.75 1.1423282033404947
9.850000000000001 1.134849892680945
9.950000000000001 1.125572395176953
10.05 1.1215783500254906

