0.05 0.0
0.15000000000000002 0.0
0.25 0.0
0.35000000000000003 0.0
0.45 0.0
0.55 0.0
0.65 0.0
0.75 0.0
0.8500000000000001 0.0
0.9500000000000001 0.0
1.05 0.0
1.1500000000000001 0.0
1.25 0.0
1.35 0.0
1.4500000000000002 0.0
1.55 0.0
1.6500000000000001 0.0
1.75 0.0
1.85 0.0
1.9500000000000002 0.0
2.0500000000000003 0.0
2.15 0.0
2.25 0.0
2.35 7.949205079492057e-5
2.45 0.007181781821818016
2.5500000000000003 0.054549545045496584
2.6500000000000004 0.1281511848815102
2.75 0.18023297670232863
2.85 0.2087416258374154
2.95 0.23039346065393398
3.0500000000000003 0.25482351764823574
3.1500000000000004 0.28717028297170494
3.25 0.32742175782421595
3.35 0.3737291270872928
3.45 0.4233901609839014
3.5500000000000003 0.47348015198480153
3.6500000000000004 0.522395260473955
3.75 0.5688456154384539
3.85 0.6130061993800611
3.95 0.6555484451554842
4.05 0.6979222077792228
4.15 0.741934806519349
4.25 0.7884401559844023
4.3500000000000005 0.8394340565943453
4.45 0.8975517448255136
4.55 0.9725667433256698
4.65 1.074816018398162
4.75 1.1951249875012495
4.8500000000000005 1.308877612238782
4.95 1.4058699130087002
5.050000000000001 1.4916943305669421
5.15 1.5747415258474182
5.25 1.6585866413358628
5.3500000000000005 1.7453569643035713
5.45 1.8351454854514488
5.550000000000001 1.9280946905309393
5.65 2.0247335266473354
5.75 2.1245250474952404
5.8500000000000005 2.2278722127787134
5.95 2.3347760223977607
6.050000000000001 2.44503899610039
6.15 2.55936806319369
6.25 2.6775687431256934
6.3500000000000005 2.7996720327967175
6.45 2.926613338666137
6.550000000000001 3.058768123187673
6.65 3.196484351564837
6.75 3.339640535946405
6.8500000000000005 3.4867358264173682
6.95 3.6347105289470996
7.050000000000001 3.7820152984701507
7.15 3.929127087291265
7.25 4.077914208579128
7.3500000000000005 4.228905109489055
7.45 4.383467653234669
7.550000000000001 4.541041395860409
7.65 4.702336266373373
7.75 4.867724227577268
7.8500000000000005 5.037288771122902
7.95 5.210794920507946
8.05 5.38694680531946
8.15 5.566630336966309
8.25 5.749749025097497
8.35 5.93606439356064
8.450000000000001 6.125313468653121
8.55 6.317550244975514
8.65 6.512649735026483
8.75 6.7101159884011565
8.85 6.911312368763139
8.950000000000001 7.115071492850724
9.05 7.3206979302069595
9.15 7.529470552944712
9.25 7.740897410258957
9.35 7.955052494750498
9.450000000000001 8.17171182881716
9.55 8.391885811418854
9.65 8.615037496250403
9.75 8.841724827517211
9.850000000000001 9.071571342865738
9.950000000000001 9.304191080891906
10.05 9.540667933206674

