0.05 0.0 
0.15000000000000002 0.0 
0.25 0.0 
0.35000000000000003 0.0 
0.45 0.0 
0.55 0.0 
0.65 0.0 
0.75 0.0 
0.8500000000000001 0.0 
0.9500000000000001 0.0 
1.05 0.0 
1.1500000000000001 0.0 
1.25 0.0 
1.35 0.0 
1.4500000000000002 0.0 
1.55 0.0 
1.6500000000000001 0.0 
1.75 0.0 
1.85 0.0 
1.9500000000000002 0.0 
2.0500000000000003 0.0 
2.15 0.0 
2.25 0.0 
2.35 0.0 
2.45 0.00038467199589610793 
2.5500000000000003 0.06817862573290888 
2.6500000000000004 0.7660522437996685 
2.75 1.9166799103816272 
2.85 1.9808742042655008 
2.95 1.3743913182004175 
3.0500000000000003 0.9893727624070789 
3.1500000000000004 0.9639544517509919 
3.25 1.1267034020010205 
3.35 1.2919265306285144 
3.45 1.4133701418450648 
3.5500000000000003 1.4559490152294408 
3.6500000000000004 1.419838253182554 
3.75 1.3711710519878773 
3.85 1.2995617711973066 
3.95 1.2412872243696542 
4.05 1.200824620891602 
4.15 1.1839581798624566 
4.25 1.2068095110171437 
4.3500000000000005 1.2491530901068268 
4.45 1.2968931382631577 
4.55 1.35092093020941 
4.65 1.448171763233639 
4.75 1.6266182962666682 
4.8500000000000005 1.8206048173480112 
4.95 1.8699507715699903 
5.050000000000001 1.804434320666531 
5.15 1.6795276315577743 
5.25 1.5703951066605117 
5.3500000000000005 1.4898586244292378 
5.45 1.435252649544625 
5.550000000000001 1.423523157276671 
5.65 1.4129328157398895 
5.75 1.4051870845811563 
5.8500000000000005 1.4256298379368961 
5.95 1.4361277436249573 
6.050000000000001 1.4287927467210504 
6.15 1.437143607832008 
6.25 1.4574040828185464 
6.3500000000000005 1.4605319511130659 
6.45 1.473268828903313 
6.550000000000001 1.47731877440066 
6.65 1.4994580681795917 
6.75 1.5043199539213352 
6.8500000000000005 1.5102196434960449 
6.95 1.5113251185436127 
7.050000000000001 1.5124668457487964 
7.15 1.51046043800601 
7.25 1.501846515330272 
7.3500000000000005 1.4882744292883197 
7.45 1.4587165815555787 
7.550000000000001 1.4316667817507285 
7.65 1.3993520787705083 
7.75 1.3729468313320254 
7.8500000000000005 1.357969695820437 
7.95 1.3433799993682816 
8.05 1.3281651107726928 
8.15 1.3276395413997528 
8.25 1.3240686428084814 
8.35 1.333442653126546 
8.450000000000001 1.3405428333236775 
8.55 1.3412365549571275 
8.65 1.345793058785794 
8.75 1.3622249331811338 
8.85 1.3695903095311528 
8.950000000000001 1.3714968211514735 
9.05 1.3822050563533121 
9.15 1.385787124539888 
9.25 1.390149759912973 
9.35 1.3997101525014375 
9.450000000000001 1.3968010854170316 
9.55 1.3983196777958775 
9.65 1.3967577505650743 
9.75 1.3909668612134478 
9.850000000000001 1.3877068749610735 
9.950000000000001 1.3791506578655697 
10.05 1.3764201684340571 
