0.05 0.0
0.15000000000000002 0.0
0.25 0.0
0.35000000000000003 0.0
0.45 0.0
0.55 0.0
0.65 0.0
0.75 0.0
0.8500000000000001 0.0
0.9500000000000001 0.0
1.05 0.0
1.1500000000000001 0.0
1.25 0.0
1.35 0.0
1.4500000000000002 0.0
1.55 0.0
1.6500000000000001 0.0
1.75 0.0
1.85 0.0
1.9500000000000002 0.0
2.0500000000000003 0.0
2.15 0.0
2.25 0.0
2.35 0.0
2.45 4.999500049995001e-6
2.5500000000000003 0.0009649035096490194
2.6500000000000004 0.012612738726127838
2.75 0.04399660033996605
2.85 0.07883311668833243
2.95 0.10472952704729303
3.0500000000000003 0.12465653434656786
3.1500000000000004 0.14536546345365914
3.25 0.17113188681132366
3.35 0.20252274772522394
3.45 0.23894510548944484
3.5500000000000003 0.2786711328867052
3.6500000000000004 0.3196250374962484
3.75 0.3613718628137238
3.85 0.4030766923307735
3.95 0.44500749925007604
4.05 0.48765123487651557
4.15 0.5317978202179797
4.25 0.5789911008899138
4.3500000000000005 0.630165983401661
4.45 0.6857674232576759
4.55 0.7463173682631804
4.65 0.8141105889411062
4.75 0.8935676432356757
4.8500000000000005 0.9862843715628438
4.95 1.0854814518548124
5.050000000000001 1.1851094890510963
5.15 1.2815498450154963
5.25 1.3752594740525916
5.3500000000000005 1.467582241775826
5.45 1.559877012298767
5.550000000000001 1.654807519248072
5.65 1.7524577542245825
5.75 1.8530406959304024
5.8500000000000005 1.9586671332866676
5.95 2.068740125987405
6.050000000000001 2.1819628037196135
6.15 2.299643035696434
6.25 2.422894710528948
6.3500000000000005 2.550394960503959
6.45 2.6830896910308963
6.550000000000001 2.8203069693030605
6.65 2.963865613438668
6.75 3.112253774622545
6.8500000000000005 3.265670432956701
6.95 3.4237146285371485
7.050000000000001 3.5864623537646163
7.15 3.7536376362363915
7.25 3.924541545845441
7.3500000000000005 4.0986051394860485
7.45 4.2738856114388595
7.550000000000001 4.450564943505647
7.65 4.627861213878628
7.75 4.806389361063904
7.8500000000000005 4.987556244375545
7.95 5.171371862813704
8.05 5.357706229377053
8.15 5.548623137686236
8.25 5.74372762723726
8.35 5.94500549945006
8.450000000000001 6.152230776922309
8.55 6.364499550045018
8.65 6.582500749925006
8.75 6.808295170482974
8.85 7.040528947105299
8.950000000000001 7.278371162883678
9.05 7.523456654334557
9.15 7.77463753624638
9.25 8.032146785321473
9.35 8.297063293670607
9.450000000000001 8.567114288571183
9.55 8.843210678932127
9.65 9.12480451954805
9.75 9.411072892710727
9.850000000000001 9.70255874412563
9.950000000000001 9.998159184081565
10.05 10.299134086591357

