0.05 0.0
0.15000000000000002 0.0
0.25 0.0
0.35000000000000003 0.003744833862750761
0.45 0.009085826421100207
0.55 0.003045249514764355
0.65 0.001091014589935261
0.75 0.00409937434679817
0.8500000000000001 0.003192600297736824
0.9500000000000001 0.0030677236809249766
1.05 0.0033488544512816475
1.1500000000000001 0.0027921179430081236
1.25 0.002068042580922063
1.35 0.001266534304586637
1.4500000000000002 0.00043917227550484365
1.55 0.0015374075220169563
1.6500000000000001 0.0011871627545317585
1.75 0.0013569419763830293
1.85 0.0010793289419417959
1.9500000000000002 0.0007286179820601833
2.0500000000000003 0.0013185616455680714
2.15 0.0008990841213381424
2.25 0.0008209543622751826
2.35 0.0015887858814205113
2.45 0.0015386879835844324
2.5500000000000003 0.06910187795637533
2.6500000000000004 0.7672359454382978
2.75 1.9179622972971664
2.85 1.981670192751716
2.95 1.3750811937607326
3.0500000000000003 0.9904153048332196
3.1500000000000004 0.9645129691292458
3.25 1.1276653126240177
3.35 1.292584962956031
3.45 1.4140297611392876
3.5500000000000003 1.4566452908722634
3.6500000000000004 1.4206008988578804
3.75 1.3719264095648387
3.85 1.3004341903297127
3.95 1.2422344329348105
4.05 1.2019790433605697
4.15 1.1849771921347667
4.25 1.207627721626757
4.3500000000000005 1.2501781864293058
4.45 1.2979426498574147
4.55 1.3516348061220644
4.65 1.4491115797171534
4.75 1.627907882281452
4.8500000000000005 1.8217436034425927
4.95 1.8710628613975495
5.050000000000001 1.8057382335420205
5.15 1.6809903616879032
5.25 1.5717858896805268
5.3500000000000005 1.4910204082198946
5.45 1.4364343881622945
5.550000000000001 1.4249175922211283
5.65 1.414451942768895
5.75 1.406737647407481
5.8500000000000005 1.4270603666609347
5.95 1.4375888670151507
6.050000000000001 1.4302564410056258
6.15 1.4384868239967545
6.25 1.459059363935454
6.3500000000000005 1.4622729567875399
6.45 1.4745455109068382
6.550000000000001 1.4786644240483349
6.65 1.5008784348033462
6.75 1.5057390950003493
6.8500000000000005 1.5118437260940485
6.95 1.5128454316769067
7.050000000000001 1.5141394762582139
7.15 1.5119691638609971
7.25 1.5033314824267143
7.3500000000000005 1.489659419365035
7.45 1.4598316428907245
7.550000000000001 1.4330360844899703
7.65 1.4007410608354531
7.75 1.374453992393831
7.8500000000000005 1.359026481575939
7.95 1.344308060879861
8.05 1.3294052342441376
8.15 1.3288076995415132
8.25 1.3251407961343855
8.35 1.3345290255451139
8.450000000000001 1.3417200758068373
8.55 1.3422726979455544
8.65 1.3468424197247488
8.75 1.3633288676181885
8.85 1.370663540634347
8.950000000000001 1.3727018812929859
9.05 1.3833610762486763
9.15 1.3870724775968128
9.25 1.3912941160164216
9.35 1.400793180100818
9.450000000000001 1.3979026880325485
9.55 1.3993426260905377
9.65 1.3978092047949273
9.75 1.3919579901448984
9.850000000000001 1.3888112709440954
9.950000000000001 1.3801676549342519
10.05 1.3775176280789931

