0.05 0.0
0.15000000000000002 0.0
0.25 0.0
0.35000000000000003 9.999000099990003e-7
0.45 4.999500049995001e-6
0.55 6.9993000699930015e-6
0.65 7.999200079992002e-6
0.75 1.2998700129986999e-5
0.8500000000000001 1.7998200179982006e-5
0.9500000000000001 2.399760023997601e-5
1.05 3.1996800319968016e-5
1.1500000000000001 3.999600039996003e-5
1.25 4.699530046995303e-5
1.35 5.199480051994803e-5
1.4500000000000002 5.399460053994603e-5
1.55 6.199380061993804e-5
1.6500000000000001 6.899310068993105e-5
1.75 7.799220077992206e-5
1.85 8.599140085991407e-5
1.9500000000000002 9.199080091990808e-5
2.0500000000000003 0.00010398960103989609
2.15 0.0001129887011298871
2.25 0.0001219878012198781
2.35 0.00014098590140985913
2.45 0.00016098390160983916
2.5500000000000003 0.0011338866113388467
2.6500000000000004 0.012799720027997657
2.75 0.04420457954204586
2.85 0.0790550944905522
2.95 0.10496450354964258
3.0500000000000003 0.12491250874912767
3.1500000000000004 0.14563343665633874
3.25 0.17142185781422334
3.35 0.20282871712828363
3.45 0.23926807319267462
3.5500000000000003 0.2790130986901248
3.6500000000000004 0.3199890010998883
3.75 0.3617588241175931
3.85 0.4034916508349229
3.95 0.44545445455454574
4.05 0.4881391860813953
4.15 0.5323237676232397
4.25 0.5795490450954933
4.3500000000000005 0.6307659234076602
4.45 0.6864123587641254
4.55 0.7469943005699498
4.65 0.814831516848316
4.75 0.894351564843515
4.8500000000000005 0.9871262873712621
4.95 1.0863823617638213
5.050000000000001 1.1860823917608256
5.15 1.282606739326066
5.25 1.3763993600639917
5.3500000000000005 1.468794120587943
5.45 1.5611648835116463
5.550000000000001 1.6561883811618792
5.65 1.7539436056394415
5.75 1.85463753624637
5.8500000000000005 1.960369963003695
5.95 2.070554944505553
6.050000000000001 2.1838936106389206
6.15 2.301683831616843
6.25 2.425075492450751
6.3500000000000005 2.552727727227286
6.45 2.6855374462553674
6.550000000000001 2.822879712028793
6.65 2.966574342565755
6.75 3.1151024897510338
6.8500000000000005 3.268684131586834
6.95 3.426887311268875
7.050000000000001 3.5898150184981428
7.15 3.757157284271594
7.25 3.928230176982319
7.3500000000000005 4.102455754424555
7.45 4.277870212978705
7.550000000000001 4.454718528147164
7.65 4.6321907809219125
7.75 4.81091490850915
7.8500000000000005 4.9922227777222075
7.95 5.17616538346164
8.05 5.362673732626719
8.15 5.5537586241376005
8.25 5.7490210978902
8.35 5.950462953704636
8.450000000000001 6.157870212978688
8.55 6.37030296970305
8.65 6.588474152584742
8.75 6.814451554844535
8.85 7.046867313268697
8.950000000000001 7.284918508149121
9.05 7.5302089791021
9.15 7.78162283771624
9.25 8.039344065593458
9.35 8.304465553444624
9.450000000000001 8.574729527047312
9.55 8.85102789721031
9.65 9.132833716628356
9.75 9.419306069393064
9.850000000000001 9.711023897610266
9.950000000000001 10.006842315768402
10.05 10.308057194280567

