0.05 0.0
0.15000000000000002 0.0
0.25 0.0
0.35000000000000003 0.0
0.45 0.0
0.55 0.0
0.65 0.0
0.75 0.0
0.8500000000000001 0.0
0.9500000000000001 0.0
1.05 0.0
1.1500000000000001 0.0
1.25 0.0
1.35 0.0
1.4500000000000002 0.0
1.55 0.0
1.6500000000000001 0.0
1.75 0.0
1.85 0.0
1.9500000000000002 0.0
2.0500000000000003 0.0
2.15 0.0
2.25 0.0
2.35 0.004470130569471115
2.45 0.3969983155200824
2.5500000000000003 2.769621816748732
2.6500000000000004 4.3762021122505885
2.75 3.106271323935724
2.85 1.7199401656270408
2.95 1.2980519841989773
3.0500000000000003 1.4692315382779608
3.1500000000000004 1.8037747891631075
3.25 2.059892565673892
3.35 2.1864824918932544
3.45 2.1735287723535714
3.5500000000000003 2.0714901008645032
3.6500000000000004 1.9012867859366578
3.75 1.738522007708197
3.85 1.6105988497668164
3.95 1.5206643728765006
4.05 1.4856846481731583
4.15 1.4795629900215979
4.25 1.5100659914236672
4.3500000000000005 1.5657045002552399
4.45 1.6834612794872605
4.55 1.9716489489610873
4.65 2.4272397519580475
4.75 2.781265062461103
4.8500000000000005 2.822256694908201
4.95 2.7382932016499675
5.050000000000001 2.588282075954306
5.15 2.351820845024293
5.25 2.149387010136374
5.3500000000000005 2.0544714462890408
5.45 2.0336435618771835
5.550000000000001 2.0096216974686607
5.65 1.9994778620166458
5.75 1.973477825967332
5.8500000000000005 1.9454642931878439
5.95 1.904998421795709
6.050000000000001 1.8652454811205517
6.15 1.8358002673007094
6.25 1.8097150292026893
6.3500000000000005 1.7985324181765234
6.45 1.8009494468136589
6.550000000000001 1.8093437714255518
6.65 1.831441947147655
6.75 1.8604031312868905
6.8500000000000005 1.9047605731530113
6.95 1.940190580712111
7.050000000000001 1.9527383045200521
7.15 1.9122584548521324
7.25 1.8358632505121955
7.3500000000000005 1.7643350766214125
7.45 1.7146257505431708
7.550000000000001 1.6903564893982148
7.65 1.6773834684576945
7.75 1.6684542375252995
7.8500000000000005 1.6661548852073613
7.95 1.6603556745922774
8.05 1.6528768296914025
8.15 1.6468565810712663
8.25 1.637212413152936
8.35 1.6223382524302867
8.450000000000001 1.6160268175411403
8.55 1.602918414228447
8.65 1.5889023532420508
8.75 1.5763018159233904
8.85 1.5638309366970906
8.950000000000001 1.5499997384833046
9.05 1.5379609823519131
9.15 1.5213049193302453
9.25 1.5055602123690368
9.35 1.4967733620768897
9.450000000000001 1.4840402391009788
9.55 1.4693401648287134
9.65 1.4576447065244673
9.75 1.4470816644486382
9.850000000000001 1.4336860276689276
9.950000000000001 1.423689494736695
10.05 1.4178870771233476

