0.05 0.0
0.15000000000000002 0.0
0.25 0.0
0.35000000000000003 0.0
0.45 0.0
0.55 0.0
0.65 0.0
0.75 0.0
0.8500000000000001 0.0
0.9500000000000001 0.0
1.05 0.0
1.1500000000000001 0.0
1.25 0.0
1.35 0.0
1.4500000000000002 0.0
1.55 0.0
1.6500000000000001 0.0
1.75 0.0
1.85 0.0
1.9500000000000002 0.0
2.0500000000000003 0.0
2.15 0.0
2.25 0.0
2.35 5.099490050994912e-5
2.45 0.004973502649734913
2.5500000000000003 0.042175115821753935
2.6500000000000004 0.1056564343565687
2.75 0.15418058194182066
2.85 0.1830376962303942
2.95 0.2063713628637275
3.0500000000000003 0.2346028730460346
3.1500000000000004 0.27157250941572975
3.25 0.31651434856513505
3.35 0.36719861347197313
3.45 0.42063526980634175
3.5500000000000003 0.47455821084559213
3.6500000000000004 0.5268779788688008
3.75 0.5773759290737626
3.85 0.6266863313668445
3.95 0.6756930973569212
4.05 0.7260273972602829
4.15 0.778660133986611
4.25 0.8349978335499791
4.3500000000000005 0.8961923807619162
4.45 0.9650491617504895
4.55 1.0493583974935847
4.65 1.1577612238776123
4.75 1.2873749291737464
4.8500000000000005 1.4244948838449503
4.95 1.563078025530776
5.050000000000001 1.6994150584941483
5.15 1.8282511748825112
5.25 1.9506146052061526
5.3500000000000005 2.072072459420726
5.45 2.196835316468349
5.550000000000001 2.32469019764691
5.65 2.4565250141652517
5.75 2.5912922041129267
5.8500000000000005 2.7288074525880615
5.95 2.8681051894810468
6.050000000000001 3.009119088091179
6.15 3.1525327467253312
6.25 3.2985434789854238
6.3500000000000005 3.4483325000833207
6.45 3.603084024930839
6.550000000000001 3.7634149918341295
6.65 3.930697263606972
6.75 4.105773755957721
6.8500000000000005 4.290374962503776
6.95 4.483939939339401
7.050000000000001 4.684403226344033
7.15 4.8863193680632095
7.25 5.085629103756294
7.3500000000000005 5.282493750624928
7.45 5.479053094690514
7.550000000000001 5.678067193280659
7.65 5.8808199180082115
7.75 6.087800219978016
7.8500000000000005 6.29986368029864
7.95 6.516607339266058
8.05 6.737836882978389
8.15 6.963770956237766
8.25 7.19392760723926
8.35 7.427555577775539
8.450000000000001 7.665882078458809
8.55 7.907903542979002
8.65 8.153453321334553
8.75 8.402720727927225
8.85 8.655700763256998
8.950000000000001 8.912141785821413
9.05 9.1723087691231
9.15 9.435376795653807
9.25 9.701443855614476
9.35 9.971708162517034
9.450000000000001 10.24543578975431
9.55 10.522218111522202
9.65 10.802577742225788
9.75 11.086703996267055
9.850000000000001 11.37400393294005
9.950000000000001 11.665122821051234
10.05 11.960912242109153

