0.05 0.0
0.15000000000000002 0.0
0.25 0.0
0.35000000000000003 0.0
0.45 0.0
0.55 0.0
0.65 0.0
0.75 0.0
0.8500000000000001 0.0
0.9500000000000001 0.0
1.05 0.0
1.1500000000000001 0.0
1.25 0.0
1.35 0.0
1.4500000000000002 0.0
1.55 0.0
1.6500000000000001 0.0
1.75 0.0
1.85 0.0
1.9500000000000002 0.0
2.0500000000000003 0.0
2.15 0.0
2.25 0.0
2.35 0.00017298270172982563
2.45 0.011259874012599022
2.5500000000000003 0.07031346865313763
2.6500000000000004 0.14913858614138412
2.75 0.19853164683531144
2.85 0.2238541145885401
2.95 0.24273272672733134
3.0500000000000003 0.2658019198080239
3.1500000000000004 0.2977872212778712
3.25 0.3389176082391749
3.35 0.3871042895710439
3.45 0.4392150784921509
3.5500000000000003 0.4922337766223358
3.6500000000000004 0.5431501849815024
3.75 0.5913763623637655
3.85 0.6371577842215757
3.95 0.6812613738626133
4.05 0.7252684731526844
4.15 0.770824917508247
4.25 0.819583541645832
4.3500000000000005 0.8725502449755028
4.45 0.9335091490850941
4.55 1.0134266573342694
4.65 1.1230716928307194
4.75 1.2495135486451405
4.8500000000000005 1.3655124487551225
4.95 1.461402359764026
5.050000000000001 1.5450074992500733
5.15 1.6258084191580793
5.25 1.7075477452254817
5.3500000000000005 1.7921162883711705
5.45 1.8798435156484359
5.550000000000001 1.9707694230576966
5.65 2.065425457454249
5.75 2.163205179482046
5.8500000000000005 2.2644570542945686
5.95 2.3686391360863874
6.050000000000001 2.4758024197580206
6.15 2.5864953504649595
6.25 2.700721927807222
6.3500000000000005 2.8189071092890634
6.45 2.942076292370759
6.550000000000001 3.0704894510548995
6.65 3.2042160783921654
6.75 3.343418658134183
6.8500000000000005 3.48631686831316
6.95 3.6291485851414915
7.050000000000001 3.771505849415057
7.15 3.9141580841915813
7.25 4.057976202379768
7.3500000000000005 4.204432556744333
7.45 4.355188981101891
7.550000000000001 4.509059594040603
7.65 4.6677182281771845
7.75 4.830079492050813
7.8500000000000005 4.997200279972007
7.95 5.16820067993201
8.05 5.342351264873508
8.15 5.519672532746709
8.25 5.700302469753035
8.35 5.882952204779492
8.450000000000001 6.069352564743509
8.55 6.259115088491136
8.65 6.451510848915078
8.75 6.647335766423352
8.85 6.8463683631636885
8.950000000000001 7.048678132186766
9.05 7.2543420657933995
9.15 7.462880211978796
9.25 7.674583541645853
9.35 7.889331566843342
9.450000000000001 8.108605639436046
9.55 8.330115488451167
9.65 8.556075392460775
9.75 8.78524647535249
9.850000000000001 9.018200679932022
9.950000000000001 9.255228977102274
10.05 9.495666933306682

