0.05 0.0
0.15000000000000002 0.0
0.25 0.0
0.35000000000000003 0.0
0.45 0.0
0.55 0.0
0.65 0.0
0.75 0.0
0.8500000000000001 0.0
0.9500000000000001 9.999000099990003e-7
1.05 9.999000099990003e-7
1.1500000000000001 1.9998000199980005e-6
1.25 5.999400059994002e-6
1.35 6.9993000699930015e-6
1.4500000000000002 8.999100089991001e-6
1.55 9.99900009999e-6
1.6500000000000001 1.2998700129986999e-5
1.75 1.6998300169983005e-5
1.85 2.199780021997801e-5
1.9500000000000002 2.399760023997601e-5
2.0500000000000003 2.9997000299970014e-5
2.15 3.099690030996902e-5
2.25 3.499650034996502e-5
2.35 3.499650034996502e-5
2.45 3.999600039996003e-5
2.5500000000000003 0.00014998500149985012
2.6500000000000004 0.002117788221177918
2.75 0.009726027397260728
2.85 0.021705829417058918
2.95 0.034550544945504795
3.0500000000000003 0.04766823317668177
3.1500000000000004 0.06257474252574621
3.25 0.08110388961103983
3.35 0.10324067593240908
3.45 0.12940105989401438
3.5500000000000003 0.15894310568943992
3.6500000000000004 0.1911138886111528
3.75 0.22540945905410495
3.85 0.26249875012499146
3.95 0.3016828317168292
4.05 0.3440285971402884
4.15 0.38939406059393883
4.25 0.4394540545945388
4.3500000000000005 0.4948005199480048
4.45 0.5563003699630059
4.55 0.6234106589341074
4.65 0.6962743725627455
4.75 0.7752444755524438
4.8500000000000005 0.8610828917108329
4.95 0.9528857114288575
5.050000000000001 1.0487251274872513
5.15 1.1457784221577845
5.25 1.2436646335366477
5.3500000000000005 1.3421707829217042
5.45 1.4419678032196805
5.550000000000001 1.5444025597440214
5.65 1.6494220577942242
5.75 1.7577792220777861
5.8500000000000005 1.8688791120887909
5.95 1.9827537246275473
6.050000000000001 2.100471952804713
6.15 2.2206819318068174
6.25 2.344416558344159
6.3500000000000005 2.4714988501149926
6.45 2.6013808619138064
6.550000000000001 2.7354554544545464
6.65 2.8716378362163733
6.75 3.0105449455054547
6.8500000000000005 3.1511048895110445
6.95 3.2930256974302536
7.050000000000001 3.4366513348665175
7.15 3.5809719028097065
7.25 3.7273262673732392
7.3500000000000005 3.8736906309369217
7.45 4.02183981601838
7.550000000000001 4.171473852614727
7.65 4.321607839216088
7.75 4.473708629137094
7.8500000000000005 4.628346165383467
7.95 4.785255474452556
8.05 4.945540445955396
8.15 5.108531146885325
8.25 5.274931506849305
8.35 5.444989501049929
8.450000000000001 5.620406959304077
8.55 5.799073092690715
8.65 5.98232476752324
8.75 6.170248975102505
8.85 6.362689731026882
8.950000000000001 6.560101989801015
9.05 6.7625377462254095
9.15 6.969178082191789
9.25 7.180238976102364
9.35 7.395791420857915
9.450000000000001 7.615163483651637
9.55 7.839869013098709
9.65 8.068226177382273
9.75 8.30139786021398
9.850000000000001 8.53820417958204
9.950000000000001 8.7793480651935
10.05 9.024371562843731

