0.05 0.0
0.15000000000000002 0.0
0.25 0.0
0.35000000000000003 0.0
0.45 0.0
0.55 0.0
0.65 0.0
0.75 0.0
0.8500000000000001 0.0
0.9500000000000001 0.0
1.05 0.0
1.1500000000000001 0.0
1.25 0.0
1.35 0.0
1.4500000000000002 0.0
1.55 0.0
1.6500000000000001 0.0
1.75 0.0
1.85 0.0
1.9500000000000002 0.0
2.0500000000000003 0.0
2.15 0.0
2.25 0.0
2.35 3.0330300303303006e-5
2.45 0.003532313435323237
2.5500000000000003 0.03169749691697428
2.6500000000000004 0.08252574742526783
2.75 0.1232350098323414
2.85 0.14785588107857447
2.95 0.16748558477488235
3.0500000000000003 0.19055961070562644
3.1500000000000004 0.22042162450422964
3.25 0.25681831816817674
3.35 0.29787521247875687
3.45 0.34125854081259355
3.5500000000000003 0.3850124987501303
3.6500000000000004 0.4284474885844724
3.75 0.4706166050061453
3.85 0.5123970936239587
3.95 0.5540805919408215
4.05 0.5970492950705159
4.15 0.6420304636203119
4.25 0.6904472886044559
4.3500000000000005 0.742624070926226
4.45 0.8012332100123425
4.55 0.8721774489217812
4.65 0.9624667533246538
4.75 1.0707579242075864
4.8500000000000005 1.1865163483651564
4.95 1.3032123454321194
5.050000000000001 1.4191054227910587
5.15 1.5291130886911335
5.25 1.633385661433868
5.3500000000000005 1.7364433556644292
5.45 1.841791487517914
5.550000000000001 1.9501339866013414
5.65 2.06101689831017
5.75 2.1748281838482733
5.8500000000000005 2.290799253407997
5.95 2.4085281471852746
6.050000000000001 2.527582575075829
6.15 2.648234509882352
6.25 2.7712472086124897
6.3500000000000005 2.897027630570274
6.45 3.0269729693697385
6.550000000000001 3.161155551111546
6.65 3.3006955971069543
6.75 3.4462397093623993
6.8500000000000005 3.5986501349864977
6.95 3.758937772889387
7.050000000000001 3.925637102956378
7.15 4.094153917941547
7.25 4.259801019898009
7.3500000000000005 4.423337666233366
7.45 4.586642002466404
7.550000000000001 4.750927240609265
7.65 4.9181548511815745
7.75 5.088999433389996
7.8500000000000005 5.263198013531967
7.95 5.4411612172116
8.05 5.622953704629555
8.15 5.807764890177642
8.25 5.995547111955493
8.35 6.186576675665762
8.450000000000001 6.381536513015374
8.55 6.578894777188917
8.65 6.779803019698053
8.75 6.984018598140148
8.85 7.191103223011031
8.950000000000001 7.401412525414089
9.05 7.614543545645448
9.15 7.830353631303538
9.25 8.049156417691604
9.35 8.271106556011063
9.450000000000001 8.495622771056217
9.55 8.72272406092726
9.65 8.953011698830117
9.75 9.186662333766666
9.850000000000001 9.423607972536097
9.950000000000001 9.662700396626981
10.05 9.906240375962431

