0.05 0.0
0.15000000000000002 0.0
0.25 0.0
0.35000000000000003 0.0
0.45 0.0
0.55 0.0
0.65 0.0
0.75 0.0
0.8500000000000001 0.0
0.9500000000000001 0.0
1.05 0.0
1.1500000000000001 0.0
1.25 0.0
1.35 0.0
1.4500000000000002 0.0
1.55 0.0
1.6500000000000001 0.0
1.75 0.0
1.85 0.0
1.9500000000000002 0.0
2.0500000000000003 0.0
2.15 0.0
2.25 0.0
2.35 0.00898621537776502
2.45 0.6558616896588587
2.5500000000000003 3.926332870799496
2.6500000000000004 5.393242653335526
2.75 3.383184642481553
2.85 1.7334017799823676
2.95 1.3456199170706362
3.0500000000000003 1.5963729729763172
3.1500000000000004 2.0142806751695272
3.25 2.35893853890381
3.35 2.5184336547667776
3.45 2.4916483020079294
3.5500000000000003 2.357185618741883
3.6500000000000004 2.161761328718709
3.75 1.9596437563893898
3.85 1.7876832412884482
3.95 1.6858880461958194
4.05 1.635900185963072
4.15 1.628710647685301
4.25 1.672087293996521
4.3500000000000005 1.7290623117549764
4.45 1.8695850781361505
4.55 2.222314911534591
4.65 2.807525648878001
4.75 3.1790770065238934
4.8500000000000005 3.176003400722539
4.95 3.0415232556369234
5.050000000000001 2.848383278705002
5.15 2.533969158380825
5.25 2.2883603631188927
5.3500000000000005 2.1828408596003053
5.45 2.1643955548194933
5.550000000000001 2.1513514023059344
5.65 2.141426693850337
5.75 2.105245524964141
5.8500000000000005 2.066856984686626
5.95 2.0201450158410723
6.050000000000001 1.9671139647985998
6.15 1.9254167771485193
6.25 1.8876135615545744
6.3500000000000005 1.859861580870988
6.45 1.8575416535253153
6.550000000000001 1.8609023491574386
6.65 1.8801933573020473
6.75 1.9073785124904978
6.8500000000000005 1.9673992361322707
6.95 2.0132230293869604
7.050000000000001 2.037339505763582
7.15 1.9833847536774039
7.25 1.8934914950595587
7.3500000000000005 1.8083313598306372
7.45 1.7491247710209246
7.550000000000001 1.7255147080359157
7.65 1.7158031728361511
7.75 1.7227580486871965
7.8500000000000005 1.7143855379878172
7.95 1.7196218089773134
8.05 1.7223410004400155
8.15 1.7201928963355475
8.25 1.7158632597418926
8.35 1.7003484126167148
8.450000000000001 1.6949431038972251
8.55 1.6779396167214111
8.65 1.6700235328706805
8.75 1.6539048959678047
8.85 1.6419490092114124
8.950000000000001 1.6341134261818608
9.05 1.6264702663417603
9.15 1.6150836688422552
9.25 1.607179969929148
9.35 1.5997999931163138
9.450000000000001 1.5909211482742764
9.55 1.5847114171762562
9.65 1.5735139120989077
9.75 1.5710216502341896
9.850000000000001 1.5591252282609673
9.950000000000001 1.555991406391248
10.05 1.5466524321549127

