0.05 0.0
0.15000000000000002 0.0
0.25 0.0
0.35000000000000003 0.0
0.45 0.0
0.55 0.0
0.65 0.0
0.75 0.0
0.8500000000000001 0.0
0.9500000000000001 0.0
1.05 0.0
1.1500000000000001 0.0
1.25 0.0
1.35 0.0
1.4500000000000002 0.0
1.55 0.0
1.6500000000000001 0.0
1.75 0.0
1.85 0.0
1.9500000000000002 0.0
2.0500000000000003 0.0
2.15 0.0
2.25 0.0
2.35 0.00010465620104656177
2.45 0.008406825984067877
2.5500000000000003 0.06224744192247516
2.6500000000000004 0.14211678832117544
2.75 0.196071059560731
2.85 0.22576175715763466
2.95 0.25045595440456203
3.0500000000000003 0.28177148951771624
3.1500000000000004 0.3239182748391911
3.25 0.376460020664593
3.35 0.4360590607605868
3.45 0.49859680698596315
3.5500000000000003 0.5612388761123956
3.6500000000000004 0.6219694697196971
3.75 0.6800796587008006
3.85 0.7359554044595447
3.95 0.7914221911142223
4.05 0.8480038662800435
4.15 0.9071529513715337
4.25 0.9708389161083801
4.3500000000000005 1.0398303502982957
4.45 1.1178978768789858
4.55 1.2149115088491036
4.65 1.3429183748291946
4.75 1.494166916641663
4.8500000000000005 1.651698163516987
4.95 1.8088441155884278
5.050000000000001 1.9620171316201778
5.15 2.103732293437325
5.25 2.236729660367295
5.3500000000000005 2.368473152684734
5.45 2.5040322634403234
5.550000000000001 2.6437642902376486
5.65 2.7879088757791046
5.75 2.934678532146776
5.8500000000000005 3.083827283938269
5.95 3.234631536846296
6.050000000000001 3.3864543545645422
6.15 3.540011998800129
6.25 3.6954901176549035
6.3500000000000005 3.853623637636221
6.45 4.01657334266574
6.550000000000001 4.184918841449198
6.65 4.360242642402408
6.75 4.543490650934904
6.8500000000000005 4.738146851981478
6.95 4.943195013831968
7.050000000000001 5.156713661967142
7.15 5.370516281705158
7.25 5.580377962203795
7.3500000000000005 5.786368029863667
7.45 5.991072226110728
7.550000000000001 6.198470819584722
7.65 6.410201313202034
7.75 6.628384161583816
7.8500000000000005 6.851145885411485
7.95 7.080316968303165
8.05 7.315661100556617
8.15 7.556587674565879
8.25 7.8028413825284355
8.35 8.052820051328213
8.450000000000001 8.308008199180057
8.55 8.566651001566518
8.65 8.830130320301295
8.75 9.097134619871373
8.85 9.36830216978305
8.950000000000001 9.644308902443095
9.05 9.925197813552018
9.15 10.210318301503197
9.25 10.50027897210278
9.35 10.795182481751812
9.450000000000001 11.094755857747566
9.55 11.399508715795083
9.65 11.708478485484786
9.75 12.023385328133857
9.850000000000001 12.342351098223482
9.950000000000001 12.667171949471701
10.05 12.996565676765693

