0.05 0.0
0.15000000000000002 0.0
0.25 0.0
0.35000000000000003 0.0
0.45 0.0
0.55 0.0
0.65 0.0
0.75 0.0
0.8500000000000001 0.0
0.9500000000000001 0.0
1.05 0.0
1.1500000000000001 0.0
1.25 0.0
1.35 0.0
1.4500000000000002 0.0
1.55 0.0
1.6500000000000001 0.0
1.75 0.0
1.85 0.0
1.9500000000000002 0.0
2.0500000000000003 0.0
2.15 0.0
2.25 0.0
2.35 0.00013148685131486796
2.45 0.010456954304569761
2.5500000000000003 0.07058794120588163
2.6500000000000004 0.15402109789021146
2.75 0.20735776422357277
2.85 0.23456804319567284
2.95 0.2544730526947312
3.0500000000000003 0.2787246275372534
3.1500000000000004 0.31208729127087187
3.25 0.3549990000999887
3.35 0.40571092890711036
3.45 0.4607909209079083
3.5500000000000003 0.5164483551644812
3.6500000000000004 0.5710178982101779
3.75 0.6227267273272645
3.85 0.671644335566443
3.95 0.7190070992900716
4.05 0.766168383161686
4.15 0.8148220177982175
4.25 0.866354364563541
4.3500000000000005 0.9223832616738282
4.45 0.9861563843615604
4.55 1.0690085991400864
4.65 1.1840030996900324
4.75 1.3186191380861951
4.8500000000000005 1.442783221677833
4.95 1.544968503149691
5.050000000000001 1.6346475352464769
5.15 1.7208944105589437
5.25 1.8090580941905854
5.3500000000000005 1.90055494450556
5.45 1.9954704529547087
5.550000000000001 2.0946945305469415
5.65 2.198241175882398
5.75 2.3049275072492694
5.8500000000000005 2.4154459554044583
5.95 2.5296580341965766
6.050000000000001 2.647004799520044
6.15 2.767783221677837
6.25 2.8918673132686727
6.3500000000000005 3.0196950304969628
6.45 3.1515108489151107
6.550000000000001 3.2881356864313602
6.65 3.4296890310968955
6.75 3.577231276872322
6.8500000000000005 3.7291525847415223
6.95 3.8809639036096266
7.050000000000001 4.030733926607358
7.15 4.180263473652634
7.25 4.331045895410453
7.3500000000000005 4.484049595040506
7.45 4.640905909409079
7.550000000000001 4.801802319768034
7.65 4.966859314068588
7.75 5.136755824417546
7.8500000000000005 5.311837816218376
7.95 5.4913448655134305
8.05 5.675905409459044
8.15 5.864978502149769
8.25 6.057864213578646
8.35 6.255441455854422
8.450000000000001 6.4560918908109475
8.55 6.661006899310079
8.65 6.869779022097759
8.75 7.081444355564452
8.85 7.297246775322491
8.950000000000001 7.516720327967198
9.05 7.739517048295151
9.15 7.966421857814217
9.25 8.197336266373366
9.35 8.432487251274882
9.450000000000001 8.670414958504145
9.55 8.911830816918311
9.65 9.15705079492051
9.75 9.405967403259709
9.850000000000001 9.657997200279933
9.950000000000001 9.913734626537382
10.05 10.173608639136113

