0.05 0.0
0.15000000000000002 0.0
0.25 0.0
0.35000000000000003 0.0
0.45 0.0022353219787859605
0.55 0.0
0.65 0.0010736585882357762
0.75 0.002420496580578881
0.8500000000000001 0.0006283623995665604
0.9500000000000001 0.0015094609672244672
1.05 0.0
1.1500000000000001 0.0003434625710477168
1.25 0.0017444090495429888
1.35 0.000498554444994309
1.4500000000000002 0.0006482787989189079
1.55 0.001323831463164501
1.6500000000000001 0.0008344837252505726
1.75 0.0011869827264935251
1.85 0.0015932382555709076
1.9500000000000002 0.001553558570707508
2.0500000000000003 0.0005406607482392687
2.15 0.0009830904160486199
2.25 0.001077192684971245
2.35 0.0015635112694103387
2.45 0.001211368268348193
2.5500000000000003 0.01544560512353341
2.6500000000000004 0.2181544821166162
2.75 0.6638049190118586
2.85 0.8302693941057415
2.95 0.6994246277191016
3.0500000000000003 0.5664262645448939
3.1500000000000004 0.5866409936720879
3.25 0.6827628396092837
3.35 0.8038322730538783
3.45 0.8796038933917933
3.5500000000000003 0.9310414596946333
3.6500000000000004 0.9524356301898432
3.75 0.9422981522688323
3.85 0.9379862410243921
3.95 0.9411120982541904
4.05 0.9325925913919904
4.15 0.9509198999802398
4.25 0.978109908381913
4.3500000000000005 1.0279319285348463
4.45 1.0598296993567486
4.55 1.103262938985127
4.65 1.130543294337818
4.75 1.1846275241002877
4.8500000000000005 1.2480014514946667
4.95 1.2754009503004682
5.050000000000001 1.238900693153159
5.15 1.2255466682628997
5.25 1.20440278177787
5.3500000000000005 1.1992126261504
5.45 1.2238559665920594
5.550000000000001 1.2585617442931858
5.65 1.2821066508896257
5.75 1.3143053219693075
5.8500000000000005 1.340543948921383
5.95 1.3383578367679991
6.050000000000001 1.3400404117168647
6.15 1.3326992789469618
6.25 1.31210653449686
6.3500000000000005 1.297426185320223
6.45 1.2786702590228485
6.550000000000001 1.2698111991527343
6.65 1.2477163926811685
6.75 1.2282292147867027
6.8500000000000005 1.2170017342427504
6.95 1.2012871134058885
7.050000000000001 1.1877329591207064
7.15 1.1871041954502621
7.25 1.177289893595932
7.3500000000000005 1.1800014671173211
7.45 1.1772635791944837
7.550000000000001 1.1805787478419203
7.65 1.1813389555812759
7.75 1.184799919012639
7.8500000000000005 1.1861017191109502
7.95 1.1894660954952092
8.05 1.1908323991697605
8.15 1.186094462590758
8.25 1.1846940469033511
8.35 1.1885936964763806
8.450000000000001 1.1860708579477235
8.55 1.185777409427594
8.65 1.18387439909396
8.75 1.1906647036053724
8.85 1.1915551383339418
8.950000000000001 1.194032242393443
9.05 1.1977299297368431
9.15 1.2032671375526576
9.25 1.2057205186331221
9.35 1.209093985276888
9.450000000000001 1.211917970050304
9.55 1.217379175894516
9.65 1.2196021373203711
9.75 1.2225396724719675
9.850000000000001 1.2190030862436922
9.950000000000001 1.2198922182331513
10.05 1.2200367589701635

