0.05 0.0
0.15000000000000002 0.0
0.25 0.0
0.35000000000000003 0.0
0.45 9.999000099990003e-7
0.55 9.999000099990003e-7
0.65 1.9998000199980005e-6
0.75 4.999500049995001e-6
0.8500000000000001 5.999400059994002e-6
0.9500000000000001 8.999100089991001e-6
1.05 8.999100089991001e-6
1.1500000000000001 9.99900009999e-6
1.25 1.5998400159984004e-5
1.35 1.7998200179982006e-5
1.4500000000000002 2.0997900209979008e-5
1.55 2.7997200279972013e-5
1.6500000000000001 3.299670032996702e-5
1.75 4.0995900409959025e-5
1.85 5.2994700529947034e-5
1.9500000000000002 6.599340065993405e-5
2.0500000000000003 7.099290070992905e-5
2.15 8.099190080991906e-5
2.25 9.299070092990707e-5
2.35 0.00011198880111988809
2.45 0.00012798720127987212
2.5500000000000003 0.00034896510348964824
2.6500000000000004 0.003719628037196364
2.75 0.014764523547645668
2.85 0.0296020397960198
2.95 0.04299370062993547
3.0500000000000003 0.05458654134586357
3.1500000000000004 0.06739326067392949
3.25 0.0832596740325961
3.35 0.1031066893310683
3.45 0.126140385961399
3.5500000000000003 0.15195480451954935
3.6500000000000004 0.1798710128987199
3.75 0.2090240975902542
3.85 0.239612038796123
3.95 0.2719168083191666
4.05 0.30557044295570307
4.15 0.341600839916008
4.25 0.3804689531046917
4.3500000000000005 0.4232616738326186
4.45 0.4694340565943366
4.55 0.5196830316968261
4.65 0.5734626537346272
4.75 0.6322647735226492
4.8500000000000005 0.6968483151684814
4.95 0.7655994400559958
5.050000000000001 0.8351084891510864
5.15 0.9066183381661813
5.25 0.9796500349965025
5.3500000000000005 1.0551634836516344
5.45 1.135136486351367
5.550000000000001 1.2204229577042176
5.65 1.3104639536046399
5.75 1.4060623937606243
5.8500000000000005 1.5069903009698988
5.95 1.611227877212276
6.050000000000001 1.7191340865913383
6.15 1.8300259974002573
6.25 1.9427837216278496
6.3500000000000005 2.057876212378756
6.45 2.1749055094490686
6.550000000000001 2.294755524447548
6.65 2.416143385661437
6.75 2.539256074392562
6.8500000000000005 2.6648845115488435
6.95 2.792537746225399
7.050000000000001 2.9224087591240893
7.15 3.055919408059189
7.25 3.1920557944205585
7.3500000000000005 3.3322957704229563
7.45 3.4760433956604273
7.550000000000001 3.624091590840915
7.65 3.776185381461866
7.75 3.932738726127398
7.8500000000000005 4.093534646535358
7.95 4.258921107889221
8.05 4.428689131086914
8.15 4.602008799120069
8.25 4.779398060194015
8.35 4.96171182881712
8.450000000000001 5.148022197780218
8.55 5.338721127887216
8.65 5.5335936406359245
8.75 5.734141585841432
8.85 5.939453054694515
8.950000000000001 6.149867013298693
9.05 6.365675432456762
9.15 6.587299270073002
9.25 6.814255574442544
9.35 7.046794320567919
9.450000000000001 7.284888511148883
9.55 7.5291440855914615
9.65 7.778997100289983
9.75 8.034669533046703
9.850000000000001 8.294858514148592
9.950000000000001 8.56055094490548
10.05 8.831642835716437

